name: breakseq2
channels:
  - ursky
  - bioconda
  - conda-forge
  - defaults
  - r
dependencies:
  - _libgcc_mutex=0.1=conda_forge
  - _openmp_mutex=4.5=2_gnu
  - breakdancer=1.4.5=pl5321h264e753_11
  - ca-certificates=2024.2.2=hbcca054_0
  - certifi=2019.11.28=py27h8c360ce_1
  - expat=2.6.2=h59595ed_0
  - font-ttf-dejavu-sans-mono=2.37=hab24e00_0
  - font-ttf-inconsolata=3.000=h77eed37_0
  - font-ttf-source-code-pro=2.038=h77eed37_0
  - font-ttf-ubuntu=0.83=h77eed37_1
  - fontconfig=2.14.2=h14ed4e7_0
  - fonts-conda-ecosystem=1=0
  - fonts-conda-forge=1=0
  - freetype=2.12.1=h267a509_2
  - giflib=5.2.2=hd590300_0
  - icu=73.2=h59595ed_0
  - ld_impl_linux-64=2.40=h55db66e_0
  - lerc=4.0.0=h27087fc_0
  - libdeflate=1.20=hd590300_0
  - libexpat=2.6.2=h59595ed_0
  - libffi=3.2.1=he1b5a44_1007
  - libgcc-ng=13.2.0=hc881cc4_6
  - libgd=2.3.3=h119a65a_9
  - libgomp=13.2.0=hc881cc4_6
  - libjpeg-turbo=3.0.0=hd590300_1
  - libpng=1.6.43=h2797004_0
  - libsqlite=3.45.3=h2797004_0
  - libstdcxx-ng=13.2.0=h95c4c6d_6
  - libtiff=4.6.0=h1dd3fc0_3
  - libuuid=2.38.1=h0b41bf4_0
  - libwebp=1.3.2=h658648e_1
  - libwebp-base=1.3.2=hd590300_1
  - libxcrypt=4.4.36=hd590300_1
  - libzlib=1.2.13=hd590300_5
  - ncurses=6.4.20240210=h59595ed_0
  - openssl=3.2.1=hd590300_1
  - perl=5.32.1=7_hd590300_perl5
  - perl-exporter-tiny=1.002002=pl5321hdfd78af_0
  - perl-gd=2.76=pl5321h5b5514e_1
  - perl-gdgraph=1.54=pl5321hdfd78af_1
  - perl-gdgraph-histogram=1.1=pl5321hdfd78af_4
  - perl-gdtextutil=0.86=pl5321h031d066_8
  - perl-list-moreutils=0.430=pl5321hdfd78af_0
  - perl-list-moreutils-xs=0.430=pl5321h031d066_2
  - perl-math-cdf=0.1=pl5321h031d066_9
  - perl-statistics-descriptive=3.0801=pl5321hdfd78af_0
  - python=2.7.18=h02575d3_0
  - python_abi=2.7=1_cp27mu
  - readline=8.2=h8228510_1
  - setuptools=44.0.0=py27_0
  - sqlite=3.45.3=h2c6b66d_0
  - tk=8.6.13=noxft_h4845f30_101
  - wheel=0.37.1=pyhd8ed1ab_0
  - xz=5.2.6=h166bdaf_0
  - zlib=1.2.13=hd590300_5
  - zstd=1.5.5=hfc55251_0
  - pip:
      - biopython==1.65
      - breakseq2==-2.2-
      - cython==3.0.10
      - numpy==1.16.6
      - pip==20.3.4
      - pysam==0.7.7
prefix: /BIGDATA2/gzfezx_shhli_2/miniconda3/envs/breakseq2
